$ANSIBLE_VAULT;1.1;AES256
38396634363863653531326537666131343966633035393636396239396631656431633763643731
6664316662663034386435333062633465306132376331320a336236613436376538333165333535
37323764663431623034363731363466313831353261613537376130643237383530666362313461
6565633562383463380a663134663230333733393033366437343466333231333261313261303330
62396462373936643237633436303332646534633239633865363834326138633039623561333564
30323363346564333137346363623930333734636637656133623833303665363439333435303237
63303630343537353531366662386330393035396331666432393839633765383261643762393466
63303237663138666437666539323132396461303366323237376233313033613737633132333562
31353862653830373638616133396634363239313836373534323561333139643432363131663034
30306331326231346633623537636538623831653734643665363535343762356362633562633230
65316537353932653636656161393939633765666166666339316238636364383361373232323934
66396566643038333564386236303138323637343065653031316433393736653766643335376161
36303666613962396237663964373663613036626637333365383837316232313562633930306139
33383363376439353963623033613461396164346163363238383438313735333939336365346333
37646531303539353334383362353365336463316635613830323730316538336538386535393663
66303130633862356361613830363130613337373536313666333430383064636634623633366231
62663962646163396535323833633261656431616231333232626430323961373063336133663662
34393131396534383735373030346536643964386561326537346362306662393532653231623534
37666535623761623366666339656561366663633931353464616233376232666633663963613563
30306666663133613166613463333331383233346264366130323064386632356133386535373161
33383762323838373166383937386661333437613334653538383061363164303632313130393339
36366336323936643563326363653435653839336234383735373032653764393132303936346464
35663035396430396565383963306435643235653464316162623565616164393064626234336363
30663235313732336661306239326436373166323334393331376261373733346436353365353430
62333962646536613830393763623638386266633464623664396262373439616466646336333638
32616461346536336435396264616339633830616530383736636364613265613036383063666233
64373931386235623138663937626239373262646334623766643838613536636332396638356565
39636533356135633236356236643562376265653230633664643432303638643436656135656635
64313239636633343839666162636464656632326636353637373037333166343538383830646433
37313266663866383363383635616632363965373438373266663135376365366435616134626134
62376633386439313365316163313733353535396431383636306338316661636339656664646262
66383766353062336334326464613465623166326231643730396539386337366532393133356164
61383066383536336438376535323765353761346237646132376136626133363164643465343138
64663663333935646461346438306263616436343831306164383339653034626233663234353865
30313031363037626239333931316132326634643533616430313661646438636132636361373536
37666366666561346535396435346562326534376265393730373839393132353062663035333430
31653765636330323139663735353562353235393438386137303632636331323761326462346237
61393836366266303564393136333739393063613236363866613732336231623066323065393438
30353238323833643534356234646361373932303131343434663630383237376262653931313361
33656533633861333431326438666531633830653965643937303330323664663633623334326166
35313333313463646334613962373333343366326331613263623536353765326632316662366233
35333766656563356133636436346364376361306239356632336639653733663662646439643661
36386636333236663432616530393332353363613336623861323735303736613032333162663139
62616233336232623335633233376234623162663136356632346139353039376365323265646536
30656333373032333565393161623133653537313565653731353635373336623365313439643431
33633063346535653639366337333062386239383338666563383436616633656439663936356338
36633163366136303930663533313230396662386464393630313137386562636432613333633930
39326432343465353333623032653761616335333639656638353862326335633730636464333135
37616336336663636566663632363636383835396630313236343032396236613237363333373231
64643538666563636330663734663461326238373630666432643230623264656433333538343732
61656134653836383138366634626536616562626239326632656538306331313831653862663436
33653664373937333431653662326135393934373834313761663135363166613565343563646233
36303035333934663734353831666165386439373134336337633162313430336437613938666336
33656635356466663661353837303666663461343433613361663437613135393239643938393062
33343539376636323664623637663863653933313466313935393735313133386665343862343237
30643366333935373538666337643465626463623135363462626365363364663837663264383863
30633034333530356630326431623936633532323338346637336637613465663661343962393734
30363563663339383861346237333431383334366132326335316135313965363036333239373639
31323065303733613937656334383437383234613133373231383031636135653037353839353238
65626234613832613135336132333435653830653039643439343366326564326338383865363231
66643866623034383064313831303531653338336538663364386263373865656438326236616438
62643939323961323139636532343432343433326463623736643239363136393334313263643839
64346533646534353264326135323664633762393232336264373163653236656330316163363164
65333836393037363364383266366536393631663937383137373232313963386632393533393863
38643934306634343363376631393563363539346631623237653263306263393137376231343431
39373230653236393634663663303263396232376332346633356161333764303366636631623037
30393665353835336166613232313531333032623736636263666265356332613232613462663265
37363839316431353730623762613939373337313732643865633565393133373861643166393466
66653330346230313239326239343432363233353237353937613631303038396436373736323836
33343164356232313233323962626666613738616130646339393861313431663438643138386462
32326562386531663639396463613463653766646634663837333534353132393432666337346138
61373864303364626634643031343139376331303738353033363633626131653834313537396637
63666665613139373734623163373239643264383063613037663339626534613235633662626132
37366366313235343735343030653666356137303163666566343233376532343138343733643735
32646335306266613564633733623865663838346430376538653762626630653233333531643737
38653537653730353831373164633435643036316235326365346331666138396230373066636336
63333361653362373238656435623761306264633531336536636462626638326431643233303666
35666361313434633761616265636465316362633763346232383032626330333461636664663133
62656636383432343135653333326334336139343337363832613931346631343636633532363566
39616533376535373331316438303436336466636130633661646461656334313965336137626539
65366165633137366239356333306234313662616462376636353635356338303330363966303066
31633237333232383061643138643766373336336530376666303663303731613661636161623539
37623164393165316230646332616432333763343736346636656565663561633063646464333233
62343161613235323533653662663632666532366530356266626333393132326332353236363932
31346662366130316230366331386633626636386231363636313561643435363262633933343130
36613537306130663836303733646161306239643430363233323365326530656261303930396334
62633430643562656362386634663462346661326436653636666164323134393730666235326166
63376664353863373361326339376133326162366264626661626665666132663338633735336361
63336462616135396265376334633533386566306663316137653663653163393233396566383536
33316431636634313132653430646634623638333162656561323936336362353831633365333164
35333362613837346162613338323830306563323832613661373936366438613830623436656235
31386636373636363935383030313039343962663832653262333237376235613932346439343934
64363434626339653435633639326632383833623433636537313637343461613838373261653238
62653362653861616662353238663366376263656139303634366534323639623565336630386533
63393563333162303536653162373964633836386233646561623762333331383935616563316665
34343735613165653237333039646538363939383632393837663531633161303930653439393864
36326136373362363835383032666364663063383036656630646339646462363939393366656239
32316235613937306534623532383238623764373566343636633235653134383361666332343963
64306333323436646534393238626339393737316633613439306538653230653135666363633233
33623637373531333636626261306435656633303836376135343930653964336233316330636333
37303832316438663830353338633963643762646263336436333831663264383665303536393530
62363732393937653439666131303131666365386137376335633061626335303964393733313066
66363264663332653830313934626137623932663166393530336463356261623865386265386130
65366661656339366337646561393237393338306136396432376238653565306132346536356130
34386234346465653063323636343266363736356434346331373531306664356534343561353533
39356661343537653364373534333164376466303734633662393832366133356564323639643966
66656135303762376363633939353461633765636666313638323633633564643266656466643732
33663266323031336464616363313364666561343733373335366538336263656632333835353738
33653965396536323133303032643535326632653330303834646332313533623634313937323164
66366536326262346438383834323032653430336233663136643838333336343165343735343239
66386435363830326337386233326539323530343830653965353138643330396265613234313561
37646264333237616664363562393237323039376366383731323339393465343336663838306463
31633439343734346663613839323761636266376432626136663535626235326565316131386162
65343239616264656436383163313762323436366531346138383465323531333936643437376531
31613934613738313033373636653934313035653136656337306161376639643461643739386537
61363835393462323031656434353832346131626166636233356236646263363334626535346430
65663764643431613039663130323138663933356631303735633338613236386466663039653137
32303932323236363431373438613637363330303962373338383963326130383332323463656339
66613130616464333732663633616461613163386330353066313531336563396635663464326537
36623163393438633934623334323131633137396261643933316631643737616633363235373837
61343165376431666231393264396662363964623838396230666130643566353130303334303535
33626233656438623238623138323137366433653866363130306130643863396336653238316535
38613361656233643332356665653634336266616430663235356139383336643537336537666165
65363837653066653834626439333562303334393132633331613663326339353562323062396663
66623832663134616163626665303866323464383539376431356633393038383539393839636437
66383331363635383066383266663565306166366663343335353839623664333330323866363565
66326139353434653038373939373266653063353263366339343131666564303733666131333438
35656533393936636638353036306639666239656134666430353261656530633236653336323230
66663435636462353437393763613763363437323431663739333637303265613835363936663663
31313831613930653537303761353364343564626237386664363631306139643035663935396565
32653237663536353931383763666263356635663465626332343438326363636238316435656235
65306461316366346130633362656564393864636535316263353330333365303062333830626661
33633663333630383832666161643834376231373261633630626666623862646635663937383864
66366464343230613864613937343539386263393762313834396563623235623236643934636364
64653138623330623666323037323866373432366465376661636461323437666334333866623766
63316166363238633431626235613563623737376336386539363331393933313864343530353138
31643335383665383239623533346365316630326166643864623338663536303539303761633431
32306364363639353263666666666237323634306631636638626432633861393666353934663364
61633433346465316561313233386261393334343661303036356362343164373331396139616331
61663130653266656561623537306634636536373566346565376261323534363730386664396235
30653933323234313237353334373734343635363338313536663361636536636230396661336630
61373664333438336464316430643836646231363361633661616535633233383562363637623535
38333861393734623938663764376131623433633135313632363836363533623230393730386466
64333261373764376335343331656263386364623637306239373665366136626431613737396136
39323264323235306339346536396363393331663335346338366565393838313432383934663735
63323532373466643135366663613964343936333339616466656436336636366239336264383266
64386330393263666631373832633338303830633565366130306631363331356461333465633032
31363436396463323361633061383033323836373063313138343862623963353266396336633132
38346235623535656133366535373066353638326530663431353537373039643538343538393537
33646663323739643563386166613262393130376137393639303062623439303538633862326637
30653032633564353530343930396431666235323366396562363736633936656438376664393832
61306236386632323462356637346434356132346164313862333161656465306336616431346636
37653736316566356661363036636265346464636638323262633639393238373436343966383435
62383266303262646561663232376363326561306463303261366665666133323231653837346234
64643534633463323461386133653834633034666337373636363264356331616434303939323666
30373239313838303465343935613038303632623665643134626137373336363639626163383065
32363534653335303830656634303130393237336566313736623732633961353530616339363331
34643939343932363232383763646634633633353932626662363461623838653930393063623863
32623061653935396636316136656536666238643234303539353939623337663333306530613337
66396234393666383661643962363739313332343536333734313535626161653761663064343938
66386262353139663832613963656335323465643832386363346239343830353136346235323135
35343935623563623835633462346134343362613130633539336364333263623464633662396237
34663133373236623962636134393233363062336538386636383366326239303961353138623361
38363162383832323065373563363536613337393534666361343061613131353362313063373336
34616363393331383761336534336663656538633635316562316336626533323137376533336134
6335303466643936626335643066623830366463656239626463
