$ANSIBLE_VAULT;1.1;AES256
34303136336261386464356262373334383838383438356562376434333637396461636232643930
3362323263343964356538333237616330646231306336300a623734313336646362346336313162
38366631326430623533393135643637303937363936616664383830303733373066616364313364
6566343266623334320a646433346338386436376266316435613533363830633862336432313130
38633764333738373361396262393532636661303032643331336663623732633866626162373830
31346262323734346233666131653837363539326265323966396464643033313261316238636532
34383935336664393233346666613331616665346633356134316239396433666162363136346532
34666261376338303861636563346238636634376331333630666230656165616638373938636334
33393335363239336136306162323765376566663533656633663363353132316232653664313638
38653330383130663165356335613535313464666338633039383430383436326666333762363237
31376639313837353734636166656534363563343733666538343835656163303434623632656364
35306639353630643064383561656239353132353336656139383230336236356431316435653733
34363364643436653131633034656232326439646330643361653439346536393765356133356163
37646537613132326563663935623737316130316634363534356566353330316230663564636462
35316637383862653330373661373166333164353565663430633435376664623864643561353430
32383531313437393838336164303965666639666638323331663236303738386237326134383734
66303166613763346433366631616463326362353832383665636531396665346134643338623030
62663134306663386665373234356633346637353864393665376161326434663335356164373064
36313437663362356533303632643438393366616662363333656465333865376462313035396263
31353931663833636539313366303630343461346363363433623537623164633865633464393036
63633236623264363637656265626439303333363233343034336363383038333933383737333837
34366635653266303034333634633461316565633535623134616562666338343735346463333038
39636633383837363136616262643230326563373762623538326130363431386239356339336161
66396434373232656164326530313430306434633738393863366165346537303539373766666163
64366265646130353565666361346435626139613031313237313833356266636236613335333634
34623738626534363031653132646631623333303665343265613733326261633835343663633036
34623764666438353866623633393639356266346433643932316331666134623562396365613132
30383838376166643135636331613863366465373730643061363332636636626433396561346534
36656434656430343331333332646436356233636238376136366562383935666433343733323762
36366666626538656262316363663662343465346639616533326164333462333365363838306436
66633733626436383265323062366338383362343832653930363861353363616134323539333734
30616462643334316463366433303834653263353434386364343731613066333163333630373364
61383839386466626433306663333961313238663662646134316366343434396666653763373830
65323565383066653439356237333634333137613864383338656336363935653333636166316534
36376538306436623934343463383264653264666537343033636164343638363638653636373037
37363931316337616438633431326135366463373535633532363863623433313033393465373738
36366535383539303362613139653834653232613039353739653338366362626466396532336133
30343666616664313635663832343966376538333261666334353362363531356430326530383839
63636635333933343130346234333832633266386330633834636262633536326330663862353132
61346565313530633235323738346438616361303833613163613538666662626239306637613431
33306264363538386561376437386364616139386635323265303934343735656238356263363336
62393332643562643639306639613436376234303162353966616138313730313865646662636665
38626133636466353735303565633333613331316531313665323133356330616134303263363365
63336230363162646436303534613438633463333935663863306131623436663431663737616132
62393034303034303631663839613739303762356161323631656535393634363065643565626431
64386137363462343930343437353661313739663433306262353138663839626264636363326137
65633537623961636131303466633066646465633636323134653662343366313566373338303239
34333535663361623931373135356132633561623635663835323736306262633535396339373132
62373636346330636464363461303032366134386239313061373835333935356137356536353235
32643435376161386135336133333236376661343264346331336637336534366464313966316237
33636464306263393636393138356363663666656639626631316365393336323837343565396532
63333562323833666431653939323565653861393031623366633936666538616532656438323433
38633939643237333830383433303830636432613465363031636632613461313237366163346533
33663431326562643563383638643234383335333363346134643936326131643835316436373261
38326639656439336164353364393535396637613338386265326631353865363734383232383934
33353361303766623331323263653334613464323862363664303861623632333461323833363665
30336637663063393136333831616236613035333832653565633634633061393231643634343730
33333564373463353564653338653735376563666465636435356538313330343465303534383932
39336134376365626336316235363837303830653234663238303165303531666332653365363461
37633930393762306262386433613564623336333132646162363665653336666465303035356638
36323635643032643066313061613661316137343266383233326130663564376133623231656530
31303463323539323330343735313033363931326134393835653030653439316630396531666265
61393239623335646562386339373431643735616534626134643035623763303239303362646233
36656361666630353061366432663930373234386137386164326165303263346136653635656537
63336261373765643032326266383361623366616462353665393531366666303965623836383066
30623930303364336637656135376439633566383366373966666530313935383230333737363032
35376637336234306166346164626661623763636365343064353162393330316332623137353437
66366335623264666536393239333634376363386633363633353631353033626161623837333434
32393131653230376463626139326161333737396634663433663365613461393235656233633339
31626464653161636639373762343939336235626137643631663732363161323433373933616464
34306339336136616531353237336436613362306133316536313366633937366137326135326366
64646239613137363665643034663933353131653264353034636230323262396565316531333263
33326662343262373934396463323866386163396639343631303265313337306530383364613130
65323134633732333465353333356366646165646639363332633635656466343330653833663339
64323633353631333933336161373230393339653339343162303938623461326532363766346435
33366661346462613765303064356139346436613038653165613232613132613166363134646261
33356438333434303634393632316437373563646565336634356639316439663537316262363539
61343666623633623665346463333139363531633337633835363834323232366538323039396461
36373065393236346232666433366665623062373632356339383833656266623539663463326138
36613963323464343937363138326333353237353739353739383435373730313931393233316335
66623637333134363030316262373037343762636133393861616433393433396334616436653262
62653962646663353939653037333264356563393164663162613337343030626639343832653535
65353435356335613764383635323461613637336336346664616331353836656132613036626361
31383237356339636633616363663731633931663735656437393737626234643733306561643265
34316637646266663033636162653231386439646434663936643532353638343533633636356361
31323430336461323861656263393862633363623832363566633936383039316265623166653137
66613666373362343337623638386365623435373434663031623238663837313062356166356165
35383233396534653730373161353937613538646630386263346565653566626266303964613239
31363935616531303063386336313737636661376438383966653830616662333464353365666633
65646435323963653639333935393764313964633233643065346232666664343833663561626137
31336365616532653664663566333365386333346261613362313630663130343764643138643838
38653436396664626466336166303763356437383037616436313366383137366131616531313130
38653033396266656535346231323132313561303439353861333730353439386333343166363430
62616334663961356338366362616162623763363164613031396362343635376230396438323762
33663137613437386132323630333239396134653637383739393830346362643337383139393039
30336631383930343133316632336466636639383732326538323363613037316162643838633462
33373536396666396161633261666465636264383737343339376236343966343765376238623861
65346231313531616565623839333136376462633639383762613338643735613338373366363739
65373638336263663030323639366664613734623062303034356538363232643639353963303631
63336537356365313263383831313063393330343131653437326364383631336463313939616331
65343837363337383661623531626139343662666131306362386338313732356336326262613938
31356136396235306363653934613633316362636461313966343434373466636238346462653062
36623733383930656634323234633739323834303533333063633731363062356464396330663662
36366632356431333833356466356638646565653237343661326562393031623235643938326339
30313231313032633531393836363736633235303237333632626566656132333663313865363235
65393334333931363033376436313537343931333636353331396566623735326261656434393834
30386664333736326161326661396135373037323230396139313834613534613865656132386265
30313635626337616264326135366534616437313664366264643466396465663732616231313633
38366139316135313630633461353833656334613762363837376435366332396237353136373237
64393431656637373539663133633233356433373534373564356138333264363866396130343135
66326337353931633739656238393636346361303661656634396537626362366133313661656238
62653932653562633332666239663530313330373639303133363662626635376366326330663033
61643562353065613636396430373339663763386134643639303336613863343062396536646132
34376462356139383637636663323835316430383263306330316465303363356365666165643932
64346530623830646431396530623239343264366131356462656230623239633230356534393366
65306564643336666164643230363663643032613235356436316565653030303166306531326133
62396161363163626436396233636335666630343238326366623765313263613465356561383932
65383162393433383334623965386166353130303038653861663730643764353963666533356662
34653362303432363436356664353362356165343834363838653237646337623464393530386666
35663831633035343935366233303938353231323835346434316134666331663536613132623531
61366361396163343531386132356139623265353234353339613132396231363334656235343034
37643965343562393562303538633231383237623364666537376334643336636439323562623833
30623639393333666539666265656437663433643731363537373739653738303362656361303631
30656434626632653433356662373661373665663939656161393738646334626638643339383763
32333434336162323365316430333131343037613532653636366236396430356230386233663632
64666665623537343332303065616239396438356261643362646130383234613961636264326333
64346234343863393335636239343562356634353062353433343332386461336661616532316134
35626366383164343231386436613835666162303761363332636436336636383534336435333563
37346438366230333632666231643738313836336435393038343261386361646463313833653930
31396534646139306263343534363131666637613764646663356535373431326136346261323130
36633633643062303139333630383164353833393836333737333632386138386435383336383866
66653036623437383232613836376566306631373766343338613738373333396666643834313439
66353230626266336235333262316165313530653535633038623831613562666634626138303464
33616563393838376638643864613439316632303733363538653837663566626538646164616466
36623338656561383132616631643633313936626339306530613430663033323336356233343432
30383864636263383232353131663538383563343766636533356263626232363162333565653235
39653432663666613862326638623461376637383662356264623465333365316431653166333038
33333832623130653665396138356239316361663664336262306332643931626664626639306561
66623735613139343730633061643538346235353932386565643434616334666537623534326439
30306463633433326364306634643566316461303532393532346633396564373764353736376633
31653365336363613732616230633565663734366139376432626231376532663537636232366361
66303637353438613632653133633861346562383136643366623864336332353638646262623830
61393038306631623638656230316338383138323230653630376530376664376566646139346261
30626331646362336166353134316563613037396264623038663532623430633365313233383165
33353431386537646130323234376330653430343933363030643937356361613162626137306661
63636462656139346130623130303363393033613838663235373363656663386334333262303437
65323562666538346462623364346562346132326464383033316465663265613734333530666161
65393266613066353930306236393833313935633864333338633634653561666336316435376435
36313835373636373538616430343063646134316535643835336162613262373231613237396465
61363938633830626436376432303938383863623831393065383830303036626131323534343938
39343736626662323535646633373066333864643338373938396461373939316665343364313138
62396663343331326263343634386433383130343430333561623066333032363237303062303764
64633138306237326661313333396363383933313461623233666166336235363135396538346138
38323236366466316163633433313631653665333035666562626139666333393232323334396333
31616330316132373637636531653230353839653639323762613031376531646465366365373062
38313164306265306133623166353538396263373835323035353939353764313038393866643335
35663335303362633761653734313961663863333037393065306665643066656439376532633062
38386235363233643232383461653766333661323936396463313561643131653638373662616232
33363235316364326662396532323835306133353835373532623337306533316634303765373439
38366135393131343162303430303736313063373162336664663063626332613331313330353365
66626131343936316438323136653331623536393764353562363364643430663166343663366662
35313331616261653739393335366438633863663138373730383265326434326134303737616630
61633834333363373863343737373139303534313763343936343939323538336363666435386238
31616338636262346230623433613864386434303133363330363938333562613961666435353535
63343338643330663631343033393165363963353430383539666537303665616339653863663232
3831316336333734636566343539356639333064313562366634
