$ANSIBLE_VAULT;1.1;AES256
63323839623739613338353564613636613233653032623634393033393232353334396233386564
3839633461623635366664346530393866333862343335370a346637633765363133653062303062
62326335343031313132306661383764656232303663383066336139656163333238373265663833
3238306438666665380a366537303138326462663531653163326164626131313166393136633661
37313664663063653235326563663866333231623930356630303662633566613338336139333264
62613161353964306437613834663039303230643661353734313435323232353039333666303464
36643366653163333035303632346266363663663666343533656339623564313431376461653063
39336464633730356365396266326230616132616135363961643439613233613831623130323463
31343232313966316633303362636466346136666339613961336165376435333734643635613733
34346365643966656337306561396533306165616663356332393563363239323562303432383135
62663961636232613633336431653261346234393566323430323861323731633334363565396532
32313663333563393237336236343262346664633964316666326365623731626263363566343136
39653035393736366332633762366664343833643265623862356339336661393130326230393239
62383138656365653633613464366432623232613435373266393462343833616136306236656636
61303564353331643035346665336334313662663731656364653536333033613036386530346430
31363565663164623533343437373864666664363863383031373264376436343632363262623832
66633133356461643763626464643231613766353536353230656131623262666565303231333965
64633937343434653537346364643265653237386166333962353536653964333230326330366636
62663038333263666636386539613264653731386332353563653739616137643832353933383365
64616332313236373166643732613638333838303530656265643638366538333461343433313562
33343435613036616330336666343763643364663361313938383063393561663563646431613239
62346361373533363063303837383434393835383437393135303766316238363263376631633666
62613531663561343766343636303663636239383165656339363839373263653961396337666135
36656266623234383939353463636361633231316637646131353832356338656462633566613363
65663161383866393539393765316135313565646438376331376437306162653635336333346161
62306261633865386436353165306466396633636264666534326235656265313533333262663337
65633732643936356165373431613564623334356463353031386236663264343334623332373436
64666630376331353037616535303662306463393633396133303665303661626366343734393332
61653835343661663036633939306537313362303435633036643630613335386539636564303736
35313533323366343034393964636464616633343130396434623634376236353837396433303537
39323262306465643431383464623663663463373065326139663163393237666530623331343535
65343931306332313339306338386536333336343237643363313330323962393839336163383832
64333962363263343461346232333738396631383930653938656130333965623665653639333631
38383737303364363039623162353962653966333432306437343265656462656630346138613538
64613738666539373933383531343830366339353966393161616632646136353961323865636466
61323030633436353037313563343764306466636639393135313365613636383935366161386633
65636230353566323665343037333431663637636464383836356566306234346338336135313331
61306332343838363439353239376232343263356661396463363462663964336139356465643533
39653638326133326165633263363735646363343535313734316531653130663036346230356361
65633530343031653334303939303534653534623036343134646662356437343665363839356462
64633166343439333733653037333962363332396334346366363132383839383933626239653635
61333437653565663833333533656237316330383639656335343231356164373931376630643563
36643338393561383265356138626337396237643366643534656534666531306633636365363735
61613736656464353833376436626539666461333365363335636463383230643439393038353863
33663365626435343130613739353837316130326230363834313531386265393963656534623766
34623161653137633565333933303262393662376333366638313234353563336362393232386534
62633331396534383163353530343336306261326465626334623864353436313038386232363234
35383361343734353263623135336165646161653865653963616633313739306266393266363635
30363832643033303630616638616339376530353836303435386532366665666464613032643661
61353337663434366435313936353665353037383930653561343736643161636437373433396230
36316239346466313534353366396561336366656532636338633963363135646633633632353038
65646465386432316332666333333062386465663835316666653231343732366135306631313961
35343135346633363731353334616330643335303238303730376136383630663134363966663564
33646431653063363530616564613232663365346138353139636337333762626664333236336239
34346531646435636631363230363935643031646339653964363135376430633235333232333332
35313763316139633533653836613665353133666633313066663932643937613730333137393964
61303361323165333062343638323732316637373930363433343833353533303963323932306238
30656465653935303139383937396564383965363732323439663133653630336232626335626534
65643665666439386331373838323137316439663031643736663837313965313138353438336462
37313936623437653065663064376164313938623465303437373133613838323537653562636635
66366339336439313863393764653837626631393665376230303430386332663937656432393738
63613361383833376635303230303735616161663239643137666664333632323465363734663935
63666536366535623763373363343535363935376238613138623730366362366530373262393661
35333438316236656431636330633734363139393435323232396139663862306536633634396331
35663031303363373064363531333566363235643161613333303533666234623734313362323635
62633434653230353663353638313139303735396461613063383033373662383536336231613234
62356366663534313165613037363833646164383733383934313530323163393532333261323938
66393537313237306639626136623064633731653632346363653463626463613639323364663430
32643134643533636439386433613530613734343039623236313434303631616166363834313931
61396633353963613337373931376633643735343264396339633935313534316430336339316562
32356164656531363361386432336637643663396334343565656261363331353566303964643439
36333437643261653961383038303931623836373434366362356635336539643438386633383231
64393337613438633662333338373532343635356336393930326364316238636364366537376432
30383831373731376535303935656430393938303663373865636435656130333766666135626366
65666635613633643038343030346463613837373637303132303631313964316330356165323562
61373162306338356130313532346539643563613133306264653265346438623638353365636439
30343963363936326136636161386662393563626439653037383239613865373763363461313961
38333736663533323561646138633937313334363439343563303430623066393534393432356230
39306333643563653766343662636665323734616535313439643465626261393331643561373533
63336666323665623465366237323035313138373665336236633732353262336162613631613232
39326132343035626365343933313730353136643464303634323265663931376538613835383933
39623933316639303561346435633265623531333162376235303961336264323830656436386563
36333635353936656435623366326262393532646135346232383863386636323131366434376365
36363064383565363034613034363838613061373231393131383534383631663432356434386462
34613964636539346162303834656665333431356463336638333366613131636133613836343864
65393337633139343237643538353230613966633663613665306431343334386633346364396236
34663066396535303264353438303039316366653930323130306665323032333633316131343463
39396531636432653764656139623163333161333130656335653336626633373562653866656664
38396664333138646239393230633764626137383535643034656130323032303636636430303563
38646365343165386238353862353261313739373532316566636436333336653265636539316531
66666263373666333833306564366630663735643830396635633032626336346664336666623135
61633265323330346138653434333537303431303164623038333232653862623531643930386166
39363931616465643635643033613732346331326263633436376663376662383132623939306239
35646134613233366264616238653032613166656638663335376535313965663734383462353034
63383265633437326465393364366561386633663135316333616431616263346532653365633533
64346566663730393964376430363431373134626363623637656632616134363837346463623631
36653037613639326361363334316333383934373365653339376533663230303665313639643637
61323963393838663566346636323436393264663737636264623333386131356661643738356132
38396636626432373635613539643264353236363334663135376166323766623835653562366261
30323666663435366533646331363335633964666131643564633131663863363063303736373235
31623430373733653362663034656462626165303962666663343430383134383933356466383731
63316433366632323230373265373964393264356339396431663438373331366366643838393439
34303738396433663734303738656538393838303461663432326262383336303665316332313932
66306139386136643432666637363432363366366431306266376432323639363436653136356162
65663634633861613766366363396339373030393137376534656563663330333035386330616232
34663837633337323631616531356234656131313266616236663061663061303934656264646665
30663230666661386436396638633133386366363534306635613636653166303137393666373739
36653761333064316262396139343736333666643065306233356634626232666636663664653935
33353131643537306130393231323033323139303433656431333131643161626133623662613931
66363932306336303337313563633638396533633130316165333035616439333162373562636261
66313535613337383633373833653935633865386331346561383732646536383534346631623866
65346632303833313836346135356261666139376633303835306139333830393338353235313932
31323663343664633638343331343637343666383635363033303762373238383334623334306364
32306264343938623434663662646663323332393434343138313235633937336437383638623663
65326530636463623736316661623964666565343133336236396331336537613838636561306166
66653166393436346464386661353564656235643139383964626630366339383863636665613762
30396266306239363431323239313531396263396531326432373333643038323736633637393964
33333138343633633632306139663837393664326465643765633562626566616566313566316533
31323435383035613562316437333739343337663932656338353139313331346236383730643963
33373931393531373736326464356664363536393966626532643465633564373132616337333234
37336239636339616631616361306539303864303239616633613930386332353566393665616665
36376431393133386162333637346361306366343963333464633037323232343265323530633034
33386266356337663435633236666565613734343535623130386631653830633362663265643061
36656633333365366634626632646233323431653532383536346139656337393835376537666431
62626663306662323564326161313435363533303435653039356332353362333939343334396233
66386135653666333861316466333739353865643163353534666363376562373764383233353130
63313635643661373330353033383263633733613861356633613434623231663166653539333038
37656262343266313937643435316530623738616638643236653661623335336639633164363834
64383362366130666334376131316238373033633364636638343862626466396632336339316465
65613565396433333466373165313134643935326436653637616464323737666262393963643435
38383334656465653063373463333363353265306330323931623934363230386537366166333533
30646234353230393432633533626433663065646664376665353264626136353138306564626535
34333137633363373033323763376436336363313566633733343864356131616432613163326530
36633037396538633166346466613164623731653132663535656337396531373561616333336562
33383839633632653930303839343539636165333336346466396132336631373337323231323866
36326564653163303835336266356330326637383461663630303862656630386634343835616630
64623533303835346461633133656266656662306131643637663365663364373161323439373833
65336562363731316335663965663839386138333930663638353034636632333563653437343062
63396366373937383134666439363237663732636436343565326631393463376566343862343866
62323435383361313632623436316230363265323862616136326333633337303337333161656135
39616536346566353837653937363861333565633434316436396161313334356164623532383638
30313666373031626364356338623866346161393262613238303137343037346634336332623738
35623836363261643736363636323338663962656433313730386132376232623135353665643533
64643434376361636436343665306431653433336637373261356337346566666530616465623261
62346636633633376131346334393664363034646531343939663464373538636238626231353134
66343536643037636338313835323333336265306130653436353032616430393135623536383733
39363139313431346363336363343166313366323231663634316332653036353035646266346531
38353563306636363666356363613537353965626166306236386333353965613166306262356536
36376664633436326266663464323536636132666263653735633466356466383732383362643137
32306537636662663366323165396138316535376333346231376533346165663031323830613836
33383436306132646433366638613439323735376564313736373366353062653366656366313037
33363366366438303563613435633637373932323566323532623136613465366564346161316436
31316164616136326139396331643136333939386661323163313266333938323164353562653331
64663963383234616662383837373238633663633764626638333463616134623661643261306663
33376335356631613933626331646637653932313932383464643339326135393461333431336462
35633266623635666634623939323636626334643665376231366164343835613833333038336633
38353639303237313633373463333230653661383461646632636235313132613566656634333165
33343431663037353666376432346330323235656462623165616565383964343439353537393364
39386439363930326164653030316135323933353834366430316336643763393566363939343466
62313737343136653834636632373130386234346134316163323466383838633038326331376565
34383031666632626633343930303534643234386231303265313439623161626363646663353665
62323237323566303366653236376635376439363966303339393463326538306539306432356561
34343563313265326662646461303261663236316162313839346439626133636532343063333066
39366131353532346463326230653561303136666232653434333964356266393233363932306233
32396463396230353765636430386661393033663965626331653964656665383065333434366332
6462313162393561353432393662653761313136393138633962
