$ANSIBLE_VAULT;1.1;AES256
37383130303632313236333864316134653966626632323130653734393263333063363230336634
6233323137303437323339363432636234303366373462370a363537353562353634383339343830
37636333316261326666636633366530636636626439303463656239323932346636363239303164
6130633038366466340a393034346665653932616339343333393935666263306366396631353033
62313733653062306433363031626366353565363439396261623630623536663936303234373533
39653865663436613336643533376333396537663433323266653738376236383238326363383061
34333464373830653932356237343930326464636130633631393939633063663633306338333237
66653937616639396562373666656464353335663464313533613466333435656238383861383562
32333466303762343431623734636563653435623065313336666466626632393135636161653163
39653834373365663563336638616631386536616237306138306162383733333730623066666433
39646430646431653063396138376164313666346639393831363832663161323661643736636266
34303130656333363730396235373766313036313438343261633965353465306436613664663738
66383731613836633235393637356161633230333034336463323435323430303037376165323865
61333265383336646133343931656130363830623166303833323930306161346264303233363537
61396330336336343936653166643437393737353763616434363537323161373762666232376530
39653839333363373835393831366261363562643032653061633865653739646234653837636561
61666338336364386266366331656336333032336564616262306534376661626333653764613864
66326662366338353735366162626161656366393766316134306634613561303031343863626436
38643933333633366266353863353764656665663437366663376261616466663864373865333231
63626435326138363037653338373731623536373232643931396661373334326336653962353730
62656533656136316166393830666464636536353337613233326466346665356231353866383734
66626166306131353834623864353064643335353430653337633631613763663363313262646230
30636564333532363935343633363435343430396136353632646162666666306330613130613230
65663961636666643832653661356633313666353931323866633438336235313236663462326466
66663937336430616336653733656636343830623063613931643533643662333738356232353430
65643363616338623931306263393833333739376262393464396362626336666461656166343632
35643337343937366339656639663835613261343862663030643266643435643366633034393266
34656533653036633930643637653538306235353734386664313836333439346461326536323533
37393532353761663130373732316535633763623133383233376137343137616565656661633465
33313531353238633837653630393135313139616332353863616163663261343964636632656435
36363366393038353738353162663533636336636364323536666230313230393866303564633466
39656363346235663666636264643264376336326665343562633530353430653731653966356366
61623837616437383963333332616339656430393734623238633463376137666432326562643030
39396237386263363433656562326137663065356236626335313263386134646432326633376238
32343633323533396464633835316162346464623362393937313735353431306265383933653936
63623935613737356564613337393531363165393761326330373537613631333762303762613038
37613765343339396338386139646662633037393936383732373862383431396563363935396435
35663863313061373462663736623064663239386135623565626662313431356231313063663561
34313630356663653337646432393730616233393432366433343937323865346231383663326164
32363337346566356136313064333737616364656263653163616234306133653163323634343231
37306339643732623561316331303665396132376639376137383233646538303535346236643636
32313236633332626434616266656335663333626131346637303231386238353839393432643932
66646335613836383536653339313162333539636432383132373064346462303666666537346333
33666361393636323634346237643130373663386139396331636438326230363138323764616566
37626131343734626434353262373530633132346532383331653733383231623862373438623662
30393136613033303734323430373837303662646162323666326130646233313463333833366130
38313265623664653335663164623530333732653338303533376461363439663764326339653862
33613639343237396439613563333962373564626534653065383162373636646161663037323930
33346432623363333465313139323966386633653333393932353232383934643932393333353764
35633433376463626538396264393933373864653138636635333961636265636364333738323437
38653530343334333031623863613730386337323764623630383938326437613065376335653636
61633036393138643434343735386265316265613063393331393630356264643434396638343732
63666332326331396266373131643062373462623934343465353966333932646632613637323232
34303532643737383838366362616538313761643763373162643263353930653839373162383064
65623233353635313065613632376638316530666530343232386462373238646434613565363336
63353036323633373634356164303332656639383962666363626464356136636631303831346432
66663435656132643964383735623235383262373838643862373433663432623663356239303035
35333563653930616230313063643563373933613066326565373038313061653933363435656238
35376539313163616631643437336138346461353334363838363465353963373066346431653761
63613531373236616635366164633835343666336234376236303437323732653066323164336135
35656264303631323764636261326563666437633537333533333966663364613063646534656531
61346135323864373832633539626664346462323963373134663866636264616161613338326235
65616162376237626264653139633433663962633863626439363437373061303239393632653866
61663833356530393564346338353062373365646633303033313239333632633861313666386464
38386534383165376234303238393131393932323534326637323937643733333463633333383262
32666232323736383832386332613262633865616466656633643935366130313766383937656536
66303136373338623265303936633564373166623438396639663136383262363638366264353836
65636363646337636663363134353336653039336163356366333830373261353462613465383861
66633534663763303239346439333464633662666137636234613230336463373537643632303664
39303830633539386630663762323134316530393633363061656461643566333264376363323337
33656237383536643839393762376564616565633132656463313064366666303239663064663362
38663233663136373463663564353733373234633533353866613664386462333836393336363563
63616435613637316234653436656266346233323463643739363432323038313463316138383830
33383737313337306632633438626631653230313436303139346236613834363733303538636431
33313862323062386661653635613834383330393231333937323461656539353762633933383033
62343666633466303630646434633266303063333465333566623635306432393531316532613034
30383031353335363331303335623066636530623466356161316363653330303335373438316438
38633065363262343137653434653362376638366437663339616661303936393835356164653637
62653763366139623766356231393661626133343738633137636562333931366461613966613633
31393136373562336430306432626462303137393538616638323732333663383034343930333236
62316262633138316531376165353734333730346538366431396137333332323339663630353236
38346265663564333535316662333563353034393934343834396530663337383434326331386535
38356138333630353135666437643539396238323463626435396335333161353662333664393234
61643463363636393535653639316362326232383464353763356239623061653830343362663330
66303663316565303238643766666335616262663932653639626236386130323639613766663433
32303363613035386466666661333732626562363436633035653639626663613262613964623263
37646634646234663062643436323566343237616130363435303766346431303632343830633431
62383534313436383062343162393531313336346562643035666664356336393538626465646161
66643239353136393835616238636263646235356536646135306435353130373430663437636435
30653062613232636135386365353463326533346366313633656665393830346637313235323235
39313564333635623464616332633038623437333231343732363632343366323030633730336436
63626664346661326131623266393533616333643531613131376133313739616165613634646534
37336634663261343661636332666164333835333963613031313137656234363566346338653238
66643361616531326336343366313765333635616634633761336439323636656233306231663935
34333630316665663933633635323637393435653638373836346566396261323835663566616139
31313066323833353530636362383664303465396531393431643538383036613534393933333466
39633834643433316166366563326563393566376264363636663338333530396436336137326137
63333939396632646362303033386161653862333837326532653166366230316637623663323834
36333638616334383131623535366266623439643565633664306435636331613137316636383337
34303563633038363462663036303032623939376166656530383331633930623234333666363330
33393433336339376336373437383530373964613630333034656633326139613562653834303065
63643437313138646665663134626664623063383838343265326335643265386566653535626462
37366531323164346164666666376537626538613731353161376365623566613433353731393366
63643966613338353935353862626634653862663863376361386438643639383863343530343736
63393765383738646565653130623465323436616238383735623562663461313362393333386434
39386234383234323464306564303766303762333831346639313262326238383836396464643134
30363362356439353938343139356465623536363634343133656364643265386331343538326365
63646364356231613563663765306432636135663834643737613764653364393432653462663733
61343539343662346261336430316531616631346136393561346335336334613430333363663465
66333932646239613735333963656534333539613237623562326136626664336364666366363232
37346261663462663161623531353138626338343331306666373837343331653338633637336538
65353435353939343833633433343333313631663432366363366633643135343337613630373439
65626334313037363262373038653330306362653764363338353830396664346337333537343366
34653938353333366230363130633137353165316362613332646239303662366366616562396165
32323630663130396334613239376532366437633539656437363333396539326539663366616437
31396335633834383930326438336230663535393539646662393761313436613037303064383136
35616638343930373734333432663338626638343761356164643763393964643538346339306438
39326432346232643137303263623433393064646439646533656331326639363466343539646338
33333433363862653130313336616664623766316130326434373163636166616366653863303538
35633234363263393034666134663636326436313063646332396332353338343937366266616632
38323162363765313361663430636335663933373232666234353563383633333532303032366566
61366235323666396232623962336363666334623134303831313961613334633861313735633933
35363539303035656336616333316462636636363038356637366362366139656166373063343938
37343735383837613664333431306536366364373561353366396533356233346239313164306666
66346436303934376666626639636466663839636463393464323561386466333237396337653733
37343433356137316439646465633064376363306265336534643764343465613831636365316632
33646431663537346363313739383661333730336130633031623563643365643630646130316134
64323766306165366133353032663462356563383933666134383233666466383238653065336438
37326464336536376664656264333532313339306464396165633432336632393036303366623230
35376437313565383731383232383232316536386265303837363664313434306564363233356366
35366237346336323339666632306562643362643637643331333737383232343433363835626334
66306265323235303034643830376239386639306533366231656538666139373632383234653137
39333436363835383532393466363764663330663237633263336331333234623464376432336638
33303333353662636433663863353539313866633439376638663863376664663232373337646465
62353332356531643733636131313639643665356164653631633263303836353838383737653733
37323037363066363962656230326433306135366532666462663536376562363738396536306166
31326237363762333338646439613237306261306665616532343935343363333837323936383639
62316135336162306236363331393763356265636239623131646530343963613832336234306634
34663239343963386130343935356362656333623564646639393735313239333238613338386663
38646264376630363930636165666537666631653034663330313238623063616532366162643463
33396432323832636130633531663732616563346639613466623334303332663237363139333938
32336164623165633464393835633864636166653530393266623533643966653734656430346339
65643164343330346531336632333633633634383062376434346432383961643830303062646532
38363966353031663861396434303335666333663531356539343531303237623961356163333061
38363561363632383262393362663130623662643264616666633662373630393866613561643637
32316439366166633732336139623631356462303333376338346362343736303865643537616333
34373366326536626533326632613137393965333363633661623532636537353533643431353337
32346339393632376335393762623639343037313763663962373863323964663036343864656163
33346264343665663132613730383565393939343163613661643963383464663537366561303731
30343863353139656533633434643935353066373733643761663166666434383335333466376435
65633364613566383037326561363162613464333034333462363331393734323266373836366335
65613637386331396639623364653832663037376535333236376262636431633465386233636433
63656665616135396331313834393933323435393235313166663233313961363731646138643036
30303436666363316561383137333537373030353335396534303062383331343763663264663261
62666439626232323638363734366163396166323065343037326461363532353830633339306437
32666132306134656330373761663837623837613161343638333532623663663733386461636465
61333262313832386463636163613831336361333237656131316366373666666664396264653033
31356639336432343634613563643535373132643066656163636432646430393134313539653064
33633166633564633533653137363433656131633866646133396138366662343637656264326337
65336533653239303337353566313432313336336534323662363135643439366432343739363539
64316138633832333331316264343331643735336561336331393339323363386632396261643861
62653137343362353163303334313161363630303461306530623666616465393865663738616134
30333838623661363265383939373463323331636466376535333438393937653462336338326433
39326135353434356333613338363463346338343731633939666564373063663762626361313066
64323066313334343638643035316439356566656563333566636261356537366235343531366635
6437643835616237323561353236383734623533333263633934
