$ANSIBLE_VAULT;1.1;AES256
64633163616137336433393665366533333239663731633737333462633132373135613638313833
3465303031306563623763313934313165663933346538340a393963396635343765396235326336
34313335316236646139666165303264666363356232656137636631303034336464343763303562
3136643239633866630a313662353430313865626362663339353930346333393837333135373837
63366164303337363032356337316463343330323163356633393265613537303633646530653161
35626130346662303631633632363763303531336466303330643838313463663338636133383262
36333137333563396461666336393431393332643934383034663163623062326234666561393830
34316138303636343632393231653962626538386534363863616164663135626565323366303539
36383331343537333063356239353033643033663465383464313539373436653837626531306566
66353866663030373232366136643665376435346563396134303836643631396434363466353033
34343163386566663933636531633566633163666165663832313062656135656661353466356230
32306331633364326233333934616631323238623539333932343439626566663564633061646662
64356563626361356165623666393265353432343161343333373434623837326133333866663736
65386165313237636365386136663736643062613332623238393930393334623534313932333765
37646361373635633961636535616163616637663465373063356438663866656432313437653763
34323764663466313363643562666434666332393166656532633131386330303065626563393863
33653931376237613463366466656261353163336631376264393239663762323138626462646165
37663633373162303335653661633337383437346233373538333563653762376662363962343831
64316239373862613462356362336362343365313361323034393965393265633330653562653662
32396234326435303730306262656539393163383935613133316534643234336238656438333265
63383164373564366563653531663834356430336235623434376438303730643864346337373035
34366335343261393333643864623330343830326234613033626361336366653434303138636161
33663063373536373366643361313436313761616431633032336136306166613030326330383933
39336432363161353538633761613533363335623330316364393133616161376563663462346634
39386235343432633636313032376336623935303030313565366265646462656666346334616336
65396332666132666565626437353162643964613839383062313938393737353566393531613830
34333532623837326339663431386631396330376439303266353636666233316262303561663239
39316563396438613961323762633336313961343335333334643238373834656639613332363831
63653366353735346131646531386136333061396665393466323466383637376661313033373131
61313038656133356662356238396631366663633536306361393665393637653866343764373161
37386538323339636164613464343562336666383763383333326135363939633830666466346438
38346361633535353030313966636638656662663733613933633763633236363062613966393230
39386639636131326433663133666162323634383636376161363466666530356639636539393763
36316364323665376636303463656433306562663434616334653435316534383363396139633934
62373332623339383161396238623433616536333762333231306233326633626566373062623536
33616666383035653939336137373338323462306266393665393431313266386634613763643563
30633637336466313539626335666335383561653133343739353364663631316231366233366630
32366230616266653530373935646561656631636138303539666664396565336436626333383838
65383264643835393335393439306638353862316461333436386636363036393736656132636465
34386236636439393663316532653534643835356534306339656638653939633362623730363861
66346533643435323963346439303463376662643862313534653961353734376435333435373037
30393761323964356138613434336536636633323532326133313634376263623935376166313030
31396333326332636662313838643639646436643232363932323036636632333730646537656562
33663935373932316531373036326666386236363662643363656262316539613766633238373039
39326131663539346131633733386638643331396134353235313231366137663364323537613430
63303462613430326662643566303164326137333132326166376535336464613932643764313239
37643133336430306662666563633335363633653431396138373363306364383133346363306533
37376536356462306162366437346337363964353737333330623430366162313461623964613132
64653931303139363132653734386332623634336663323036636566356563326439633333313633
30333939376563623330393937383065626565646533646136353664626362356164353637383463
32366161616338356136393238353033326337373438643562396563613761333662663838643461
36336430663065373566386438333837626136623331663639376562326366356265366333336132
33653937653062643435373632343737323938653431393738663534303537633737303538613231
65363162333765653664623638376338653263613531396661306561303839336261333139376232
34633035613265313161666635613438653032643966373965616236656561643232343538303233
35316336343134373061646435363266663638386466643437323434303961623830333435323236
65383530343662383737326663303434326365626330366361393734666131356532666135373230
66623736316338333963626637313466646465316239363136316133383730333731333439333131
61393639306632343538383135336432323438623965633336373630353363363961326531323265
38623338303639366535396264303736616664663039623262623535303736366563383336636430
65356236626431636232653430343566316262323933646462643739663761353063386230353066
31343434343035353461646239623964333531336238393461613965616532343363303232366333
62353336333466653231643439643235666139633530613161633231633265336234663732336430
34636333633636336261373939383166653765363861303532616166653531623635653831626138
32656563306430336238313437386665373966653332373063323738363765313464343835313731
35333432373461343139386463653964633339396631376239646365316262663365363438613637
61303438663166303063646330393734336464393765643461383765636162396464653335323963
62316662626539376137383036386131346538323430316562623564386439323662616332363534
38383532353361393034336464343732393434343066633532666436646633313864613261373933
30336262343334373534343437663836333262366665623730383636356635363731343064393031
61643534303737666534653066363036653662613861626465396134396534363732373939613362
36366363643765633837613461366262313761656262623935333762613764303936626237316330
39323832383164646634373666663964393566636436346462616238386536313134613236623066
38616463383839663264343133383635323061616233316362326262313261663263653531653438
30666663303564386135616535336563306565356632636635313933343733653539346266343265
32666566653930626637633737616166343662646366653036666461623064343164333566376333
33383336383966386565613331323735656235396365656532303465326533346638643234386163
64613939363235663032653935623066376338303534633934656639633765323038653130323361
32313333313636303033303033323738396163663736656437303563333532613832326533353430
66366562373264333432336134363335666566663364373239623433323535626264333666663130
66653738333962363361633163313835326634623733636362303066333839393538623065313239
31326233383530366232383236323663636566393638393665353665353533633265316536333539
35396334373332396164313235613237336165373563346464363165646134623561373235653937
38346364316265386333333132343236323533633062333264346566376362626537366436656264
35646237386437393234313161373665353763393239396232366261633236333930613835393039
66356134643936653263353266613363356134626364386435343435356365613237313763636630
61643430636135626133396363663130626234363932396532653930326565653137663434353062
32653964343661336134613633653733636634666435323630363965396336366136396634376431
61653239653565333036643139316134623165343036396334653061646332383132376139663561
65333739356265643833353738353830366338373165663531323230336339636537643332616566
36383330326233313936333865643965643863636336323834343137393536613230376364393634
63633632396234653565663533636635636438663839323530393462393363363930303537343635
35666537616136343363346638626537343165393739326535663333343931653961636464643066
37396335613934643663346463376130343430656566616139636463643433663234646662313537
35636630663630346466383962326637313330306134323461323162653539396166383766356664
38386162623336623530636561626366363562633737333835383461393862626133623664643830
62376533316437376532643064626531666135626633316438343230356265626566356431393337
64323632326464623230383632316132383839323863663933353363653562323639306665353932
36396430616434393638363362313832373036393539373235316238363363393661346231363534
38326164663465616438636431386266653936666566313631396330353865363438336631643335
33306366656139663331643964393464626231303262373636386334663538303431303935336562
63633934393039333263336239633566663138656234656237343965653265376237303936353762
63316636343366393165323635636132356635613931356633303337393363346236316562626237
32373765613838356364643332393634643439636233393163653061666137663937663562306438
37653435333837376661346535623661366132316230626132663536656230353234323531343763
38303764303362623263376364623063313730396535326464666166316336653136363936653966
39386362306136343630343930623730383135343865393339663464353161393631613139613939
31633833313130616139303531333335343763353665383565353931633232323062316535643337
63623162383830613935336431353564616565386139633139333064393536623636646530643563
31336164613061636663323132633237663262363938633133353139396236616465366264633165
38346430393534306337393432656531353132626465353533666132313765383834353265396331
33656265636462356331333935303966373434303665353964643032313138393564666135346535
32383165333562623736663839343163653763666335663363373134323434343064636262343733
31613532323237383330373864363332393936613365626366653233656366633163633638613831
36386232323232666364653833626335363138363161353534363535313866663635326130333531
36623037663963396530316632616231396130633031316337363838633534386330366133376631
62633036336433393861326162393663643138366437616164343861623231376135346666636462
65633862643966626438646432323830303662636439626164383366313463653438393063316330
38613161366337323136633135663932633138326530326234623136373761613739396532336330
35383164316330353936383230376439323933353339343939393830646434656230626463336633
63363338343630316339313965366334303465346637373464633636623065636562656261333836
37373135376334393865343531616464636163323933306530383435323039613666646131383030
38356466383536643035656432656539666462383239333665336236303532326465643664303366
32313532313339653935366165633730353766393266373832316130356237623237626630393635
38393863383638616638663661343930353463666539363132616462393437623137643465646137
31373431346336616366383662353663346334643033353935356433313461386530306462333532
64313735386263666631393564666332393034623235623765653733616331303365636461396330
64386539316238396533353461663263656531343138353831323262333538333262656532393438
61643363393037653961626239346336613230616137336332376666336131386464336233616336
31623731306262366431613265383732356562643031616539373830363831626633373836356662
38383331613338396663616566333031653363623334323266636435626539626239633239303933
61613362643234653332396362653364646639396533633433393633393239383539363133343938
30356136343762633732353666346135633132633363353530393538376566646636376164663265
39356139353737353335616436366665323833653562363638613836366362643132393130636332
62396366303339353234626661343234646630613265613530623339393733666133313163663434
34613633376231643033306138333066306230393464346430343236386563653962386633386630
34333938646463646635323435633239396335343531323833333531373238313431313066356362
32326562643261643062333737326631363966303131623636393937323635353465656630313639
62346330373235643630636133326632373064396330383939336139623863306536313239663461
34366561326530353234643437643934356262653834366333333835383733323239653662343262
62643362356330306532376538316238643539636439336263383865333062343735663065323864
62363465313138393965343234396464323830366363636530363761633064313137613737383036
32623639343637626232376635363662313063353762303032356462666665373030613932316433
61626236383862656361336238663639643439333939386130383161333262636165393233666464
66623531396130333261313738643665613466306538333966643237353838616562386239366231
61616237366661356334643964623266616636653736326132633038643864613338613733303164
33363739386363383337666266353463326665356232303833636666626435396364656634346239
30333733636134363465613039333136303663393861313633386130663036393762306336363238
37396631383230386363313831643438306137656339656237386136646237303438653165626230
37383363626464363561323363666261353937323032663234373536633365656436303664343861
61376663346133633133303836613465326462326665646531313666323732383962383564623766
63386230326134636436316430623864353164616662376662343330383265616431616563633563
36353435643032323639376639346336393130373066663662303738323766373332366433303738
37333363363863396562303533336430336537653663333039613964633431313939333862376237
63623766336333313638363837306634383538663764363634623136613832346563313136616137
64336534363139633931363634363261376531343766386438356438383437393037633636346334
30306561643338373061663437313363353136336337653738363439333138386334303461653461
62323862346438613664303864303137613333393230643266613038356334613939303838323836
62373834346430663261646663376264323865663765376164343835663737653536343665373830
35363633376232326462653938366336393963396636313530393463313132363837393430656130
61386366393066313662663631343464313563633233343037303965326665333037633638383966
30653431303037646237306538323235646630613436303138633264356230373331346433653938
32613037393739623738303765623937643763363161393934663065343232366366326464626130
31333764633763646335633933326535363766343862653663643538646233656465396133303763
39386561383966326237353633323038333862343332633261626262316335623162656438323330
3461383435633736313831623233303764623633636361613530
